4328
1508
637
877
1304
1427
109
4311
616
4081
4584
380
1436
653
4089
149
4854
620
4829
1045
1528
3771
1211
482
4258
1487
1022
472
789
1482
323
3449
592
3602
4340
4799
3501
268
80
98
4508
3883
4238
3725
621
348
3743
4331
3844
4856
4746
1476
765
3631
4303
4548
279
1674
4872
614
814
257
1070
4637
136
4226
842
4832
169
3913
4567
1673
3591
1209
680
4191
1348
3767
1219
3521
3939
959
1026
4404
897
3804
4642
3737
1188
1457
3505
3646
995
1581
1368
1273
4235
115
1576
368
4025
747
137
4474
1151
4728
4407
3899
4111
4098
4705
6
4867
4847
1311
209
3910
501
4040
138
1046
4498
1107
1605
4629
361
3644
4530
4850
4602
1411
1344
1383
4122
4623
562
1127
3782
867
203
1185
963
3922
890
4265
62
4576
281
655
649
1294
4247
3490
237
1171
3637
980
534
760
238
801
1225
4239
4503
3996
3533
762
3879
4176
4823
4252
495
3820
1481
1488
179
3886
3892
1041
4851
3610
4574
630
4471
1517
3806
3664
4351
4758
4724
4092
1169
1233
383
1407
1277
4689
4135
4774
92
469
3904
4670
841
873
4425
4031
1069
379
4866
820
3502
552
3796
749
1175
1478
1220
4077
726
1217
3839
3893
4506
228
1398
4696
4155
676
3791
3976
4521
4320
1319
3896
498
50
737
887
1417
73
443
4792
830
885
287
1199
3552
4441
4830
4459
750
603
700
690
305
711
3829
4472
3798
1657
4677
986
3628
1374
55
1187
4062
866
4558
1158
4522
1664
685
4805
3772
489
567
58
4456
1255
679
4027
4501
360
4780
3988
628
70
269
1223
4363
4848
1423
4513
490
1232
1656
895
3875
925
445
1639
642
3649
4859
4845
441
1248
466
3657
4483
1320
4538
632
802
1301
3551
4700
1044
376
1204
566
719
589
817
1642
3561
4821
185
4789
83
681
3905
4500
863
197
3999
220
389
821
541
97
251
4326
3936
4270
113
382
774
3850
306
677
4824
446
163
337
549
4283
3473
4800
1371
1474
778
4721
880
636
862
898
939
512
1615
3415
194
703
4286
678
893
434
772
766
350
3842
239
459
1051
3477
22
988
4375
336
110
4059
998
3773
554
631
3945
75
4207
731
4388
1109
254
892
371
3843
310
461
1484
4871
4030
1125
3919
3925
1479
289
4640
708
3694
1333
1168
1516
1430
3734
4659
3550
4655
953
4003
4556
4082
4440
219
3548
4250
4687
748
4152
3662
1150
135
1239
929
481
967
3977
4450
4868
4115
4577
4749
3902
752
3483
4016
3745
4236
3852
1604
1546
3543
3675
4661
1104
3537
1500
3928
1357
38
4264
4279
584
174
4211
858
273
1663
3581
1337
4741
4529
85
1100
845
1058
4389
3607
1105
4177
1303
1525
4592
404
1490
3661
943
1494
1096
4697
785
975
4546
11
4243
936
4693
1420
5
831
4299
413
4706
4382
4046
4190
3583
4377
4857
3762
771
1467
4808
3697
3635
3563
104
1629
790
1610
1667
1114
689
1271
3780
4369
1314
4349
486
3942
3556
3770
187
1456
1618
4717
3865
870
3544
3938
419
3851
3515
3682
4188
1377
4162
4613
3811
4000
968
3643
3719
4044
1324
4760
1463
3586
1146
270
4217
981
4314
4753
724
3640
947
654
612
3542
454
4058
125
4457
1079
3823
1408
4318
982
4214
3525
3891
290
4672
1514
3666
626
1015
3632
4782
3569
4048
4221
1270
1064
1191
4057
794
4093
250
1182
1623
4230
4100
78
4617
429
168
467
93
258
406
4110
339
1585
4423
444
926
1113
575
827
1444
597
1318
4727
4038
3440
4054
247
145
4515
4333
3755
400
3801
764
394
1235
1315
4571
4674
798
112
4324
4194
712
4257
1166
4125
4598
1597
4468
1475
3880
1622
559
728
1588
4356
1382
3603
4454
1156
4219
3785
4296
1066
3884
4525
170
167
4009
1053
3687
4437
1431
105
3588
1275
3983
1252
4793
1142
3554
1160
4431
555
4205
1254
3474
4643
974
4325
4667
4568
1451
834
151
265
1034
283
309
4379
4196
3638
3534
157
3969
4386
1086
810
243
3698
462
3506
3623
189
4209
871
991
3877
3535
4488
1521
4361
3968
4285
4024
1633
1247
4664
1421
3558
598
1192
4053
4144
405
4153
221
3437
4354
428
141
3669
4497
804
594
808
4167
1400
1354
4189
4315
3455
633
705
1351
3587
4203
1300
4341
3984
1190
4666
545
1003
1076
3930
4335
4607
217
422
4182
1001
4869
4478
470
3752
246
4785
3419
1231
4650
1268
3448
601
4297
780
165
1608
333
4224
4021
27
4295
3832
4591
4481
1012
4452
25
4544
4499
4332
1144
618
1072
1671
1102
4710
3596
261
96
740
4339
4260
922
3517
533
3658
464
4095
87
4587
816
687
1510
4569
770
95
812
1619
4222
346
3511
103
4870
1611
4752
1589
4255
4068
997
4391
4014
1355
4392
4630
1489
1139
4436
660
673
76
201
4276
4374
3889
317
3979
3815
3478
3503
4618
342
3462
386
4802
1162
615
335
4172
3947
4616
1580
1197
4372
3932
4810
473
1173
407
4396
4422
311
1238
1325
4008
291
4527
1392
4171
3520
1506
3426
1378
3963
572
4716
475
4684
4145
4273
4797
1410
3468
4312
3728
3417
66
4490
791
3452
529
1000
3957
4346
4644
4718
1218
3778
992
1409
675
1200
4784
695
3464
604
3951
1584
3433
641
3500
989
1298
688
3813
709
4383
4136
849
4091
516
4447
4636
4723
1614
1599
3706
4466
1323
1095
578
4801
3555
3562
4365
4143
3496
4316
1057
184
746
3717
4545
4373
3824
262
4654
3846
1491
4378
4229
3627
3724
896
1658
1172
1511
1085
202
316
4581
1422
3827
4510
4099
358
4595
3807
4321
176
3536
1205
1068
607
1573
683
1485
1607
4531
4817
4843
426
551
142
965
1170
4550
3758
312
1312
1020
3467
4023
565
635
4002
4495
421
227
3834
3781
1595
3956
3855
735
4064
3814
1495
3701
1143
3872
610
1461
3642
3575
3494
4748
4773
155
3564
818
4570
1429
1060
4491
4080
1243
3959
4263
874
911
1359
509
1037
267
3641
743
3526
4225
523
41
799
37
828
3967
4767
1038
1646
439
1440
1590
35
670
3869
1672
1405
3997
1110
3753
759
4590
1093
57
224
4455
999
966
116
625
1210
3862
4535
3863
579
4517
255
3960
3700
4028
4035
838
3617
714
121
166
341
638
527
4648
4656
4429
4434
857
3545
1132
1054
4220
4814
3553
416
698
891
59
4676
4646
835
577
599
1455
4762
4549
3754
4402
208
4783
1018
1399
3941
960
686
3458
232
4415
3589
3757
996
4606
930
492
767
308
1616
153
1115
3952
3518
4042
1331
1434
1520
729
4168
3812
1626
4142
4414
1612
4713
3906
4140
3802
458
4367
1124
4073
4269
3570
3418
600
61
4435
3436
1011
4476
4307
373
3731
3840
367
181
4180
3618
3775
783
1503
3760
4763
1396
161
4862
4438
477
234
4578
332
4195
3650
3703
734
4083
3663
1033
706
4231
2
962
1326
4537
1288
1302
3513
1665
4635
3702
3568
365
3792
3709
3461
4816
3423
106
3866
349
3481
222
4663
447
3739
1533
4376
3710
664
1568
162
4747
3838
3912
347
1213
292
1253
132
3519
4065
623
1596
4309
1504
493
3895
1056
4424
3539
196
3790
3797
499
1381
3560
972
4846
4683
4350
1352
331
244
1441
1635
282
4112
1198
847
503
1180
1283
860
3809
1549
4662
3723
520
4624
1299
3962
1393
3853
315
1394
1498
3577
3708
4029
3991
1177
3822
334
1193
4562
4069
856
3794
3908
1123
3559
945
4366
1659
4327
3914
1654
4381
507
1340
515
126
3965
741
1310
4060
951
4032
1470
1522
3713
1266
3450
1554
1265
4288
3441
3881
320
987
230
1527
491
4781
3572
329
438
717
223
77
3672
4641
485
905
704
4039
942
1084
4234
1369
4353
4347
1229
118
1052
3849
605
4838
4045
4657
1643
4652
4494
318
1159
1662
1307
449
39
4585
524
710
1090
4820
4844
1593
34
4541
4427
1507
4566
1566
1089
787
1290
4393
4874
4487
4284
325
606
4691
143
588
744
256
1390
385
4787
3948
4406
1214
576
3848
1203
401
927
1542
1587
4735
4448
855
4398
1553
3920
3898
3546
369
4426
4632
4185
3459
4405
883
1560
4216
3659
3768
1260
1002
4639
4397
3498
4165
4108
4338
4313
4599
4444
4170
1370
1291
3861
3636
1106
888
4627
909
904
4281
4041
3451
171
4132
4626
4825
697
1013
1634
4246
1306
3516
4271
976
935
4210
643
4702
1021
45
822
756
3825
1297
3491
4197
716
471
4336
582
4192
3593
4711
1395
1388
293
4715
1594
3431
4875
3871
494
4342
1222
4358
460
4410
3442
1332
284
894
173
754
745
3894
4289
1164
3612
4159
453
4818
4807
1111
824
4428
48
1141
658
920
381
1250
4193
4621
1459
859
3750
1043
4504
4417
595
1555
3479
553
1446
107
4409
4536
647
4251
3530
1119
941
1406
307
4282
3907
1269
1600
4412
4416
1648
738
1065
4107
3624
1196
663
526
1512
732
4387
3973
4682
1570
4681
1264
263
1519
4357
280
285
1415
216
3917
3711
362
4836
4421
757
1625
1147
3986
127
1131
4419
657
148
4085
1471
260
807
1313
338
1112
3835
4865
271
67
378
1483
1502
4594
3927
68
510
3915
1468
672
1652
44
1425
4121
388
128
753
1617
563
4086
4707
522
1544
3660
4794
3990
1195
3654
1016
864
4658
4833
1473
3512
4201
4352
12
4612
4834
1030
4301
60
3524
3540
617
629
450
1362
644
275
3847
1540
484
4037
102
16
1088
4084
3987
463
20
288
3858
813
235
3578
1624
294
4873
733
832
455
4344
4502
3422
1181
4139
3958
30
4507
3741
272
1603
1458
4198
4596
4384
669
4609
727
1439
4151
581
23
355
425
4160
4822
4583
253
1137
819
390
4305
1569
4726
3819
496
3
3744
4580
147
343
1007
198
4516
758
4795
3508
100
3656
3412
193
4803
1609
937
4788
1081
1077
1559
3695
4399
3808
418
4394
4477
1606
1083
602
1551
3690
1518
3600
3756
4138
985
3574
3565
36
609
252
3933
889
182
4475
1230
3998
4395
3831
854
761
826
4075
3738
326
921
322
4698
296
301
1571
363
1391
1063
3873
344
4470
1449
4560
4300
3864
3634
4719
593
4287
713
191
4611
3882
978
4129
3876
3787
3729
1545
4539
114
4055
3911
3652
3626
840
4330
286
3487
825
4561
3974
3438
7
650
546
1201
1620
3435
4348
3726
3416
3994
4174
1572
869
4128
4187
52
4102
3716
4486
806
1249
3432
723
423
4811
4840
1636
1050
3944
29
1567
823
3900
4012
4665
4334
1530
1278
364
3940
4634
399
3766
1221
548
4864
1154
3923
3774
903
1386
3606
1334
3707
1529
424
1666
851
899
4298
1280
782
4212
1055
3828
4268
3786
4601
4469
51
3733
4524
696
4751
4067
502
4605
1293
1402
1583
31
1251
4512
3447
1009
302
4200
1353
4275
1660
200
3425
154
3429
1019
370
26
4087
777
4183
645
1108
4563
3746
699
906
300
4720
580
3460
811
3411
1226
1157
3887
3867
3789
1014
3567
3897
3485
1631
3576
1365
4294
4072
53
910
4118
1240
961
666
1437
3409
1412
4104
82
4158
4790
65
1472
4464
4261
793
74
1184
3992
4451
1543
3937
1234
3509
420
973
3916
4137
4542
1067
875
1279
3471
3541
3764
1099
1098
4673
1541
1505
3946
624
918
3476
3918
3678
4754
1087
3615
4420
4245
88
1035
245
3732
264
3699
3566
4101
1364
958
4161
4620
4680
852
231
573
4733
3571
544
4861
1579
375
1059
853
3531
4090
4179
4033
4071
4304
3484
3810
3428
3890
3585
3434
4240
4778
402
924
1496
3978
1661
4043
1466
3926
4293
1575
4732
3845
4061
3427
3446
4445
1621
781
3980
4614
684
1480
297
4461
3748
4669
3611
900
4317
4588
1515
957
3805
3630
4292
1237
314
81
1208
1469
521
1552
4343
1183
3616
671
4678
514
4593
4227
4533
4442
1227
1414
9
4555
1338
556
4692
1062
668
4547
815
1194
4492
4463
89
4610
3929
1138
4147
15
479
1116
4446
79
3488
1091
465
4860
3779
1328
1049
1261
119
3647
3680
94
497
24
129
833
506
4712
928
796
4131
205
1165
1345
792
3818
3841
1454
4105
452
4600
1335
192
4730
3931
1179
1073
1497
611
1379
4573
1121
3573
3769
648
4575
4310
1486
983
784
340
1670
3679
4619
4534
1032
659
674
190
779
4695
4485
1577
1010
4806
886
775
3795
543
3836
646
299
513
4199
3689
1284
159
131
4215
1637
1416
3595
1424
907
865
4078
3765
4050
4863
970
1403
4597
1236
108
535
3799
1647
4228
478
797
803
665
3683
3601
1153
210
1103
682
1537
4019
3620
944
1097
3443
3776
4786
971
72
4323
3721
295
1550
4020
4759
180
4202
1330
3522
3413
786
3800
1632
693
215
1426
3439
4262
1493
319
715
3751
4141
4011
1186
4804
4114
3989
4322
4765
742
403
4134
1216
4615
1342
3720
4480
4355
591
430
3580
242
1582
4278
1613
4826
4233
1443
366
3747
4582
1628
4126
511
4777
3420
4130
4274
3523
3597
3777
4855
707
47
3625
1082
1669
3410
158
829
1534
1118
134
4022
4649
1499
1413
398
4701
440
4380
1651
