1222
1810
1970
1820
454
1730
254
1546
281
1937
420
1974
139
143
1109
1373
522
581
1367
1502
941
412
2009
1429
683
1235
452
406
754
295
306
1653
16
1962
540
1195
439
144
1350
1672
1623
1172
236
32
757
1142
1062
407
348
570
1949
1049
489
43
1428
2008
1357
746
113
532
145
1972
1332
505
1182
1071
393
448
667
404
1548
612
94
1860
1376
1045
547
47
1854
1715
1432
1913
539
574
773
1982
1958
769
1292
1729
73
164
1038
743
1383
1719
278
165
331
1783
842
685
2100
1371
1708
934
1434
1278
332
1620
891
536
2065
518
2048
1876
66
1735
631
686
338
1830
1607
1613
1007
1852
1174
1111
260
1239
290
1462
479
91
1866
809
719
1417
45
65
543
2118
253
1444
142
1058
398
370
1894
1196
1152
1003
107
1419
1768
102
1433
742
984
657
555
118
2067
1052
1705
310
1133
1155
1927
1542
1440
1711
1813
552
1573
1855
950
1977
622
1984
860
1896
1201
1809
98
523
193
705
813
967
619
1137
713
1013
200
924
1168
1749
201
562
586
258
1931
933
1805
1959
1486
722
1272
1318
708
1690
1836
1512
1405
1878
1549
1363
1163
571
20
604
82
1535
926
25
666
1500
1553
1388
1112
250
1659
1644
61
231
1257
1457
203
62
347
141
709
1336
869
748
690
1544
267
30
1114
242
964
584
831
198
319
1211
2050
580
819
133
1951
963
1041
676
504
2109
1031
2044
1657
1298
1056
1538
856
681
1327
531
1867
880
1435
296
592
117
1947
2002
529
938
75
465
616
19
1585
285
729
828
467
1588
930
426
920
1392
1761
997
1800
1804
1008
186
220
1912
50
1454
1533
1733
1807
892
1965
1208
1264
1006
628
515
2032
1149
305
344
910
1567
1390
881
943
2041
233
2047
1263
786
1479
1757
209
1886
852
1120
74
396
1231
985
553
160
569
1456
1818
1334
1823
315
1578
346
1009
1393
1249
2056
887
265
1713
994
1117
384
109
1922
1654
1632
1078
1935
248
1859
1559
446
1571
897
1520
1695
1978
1037
850
1165
55
1863
171
469
51
1064
1988
2103
2055
1305
807
495
1518
871
1178
668
1929
1508
1141
734
674
252
434
710
898
1059
1826
1266
888
1416
1495
862
431
1944
1628
490
297
635
701
601
1134
1765
672
987
1909
863
977
916
2
966
795
472
1905
1997
103
1088
1351
814
1281
1284
1170
85
1673
1936
1939
1963
18
1648
1649
466
827
208
1296
14
980
204
1066
2078
282
678
820
670
436
1844
642
1014
125
1011
954
1933
1475
1967
1100
816
1890
824
324
292
702
1107
1742
1108
912
1275
551
214
1739
1492
1087
395
1398
1131
1473
1352
1358
369
759
1346
312
2115
1010
1244
471
401
2059
271
724
1688
695
39
1530
804
1167
308
1082
1827
2046
1399
563
947
627
501
1992
1868
797
1656
1515
1789
216
1568
2076
57
497
435
2114
1153
1293
2028
1126
509
660
1926
756
1678
1822
1717
829
2024
876
559
976
995
1652
1907
1858
1192
187
1616
7
1523
1710
1917
1995
2096
837
706
1576
1850
780
106
1330
656
1057
1722
524
1055
272
732
482
2040
2107
1197
946
1658
1313
130
1200
1286
1188
929
1113
1581
1353
817
775
1531
1485
1423
146
703
2023
979
191
624
1411
322
116
2043
1787
1942
1737
1276
1960
1598
2011
2039
1504
565
218
913
1348
243
1555
2019
1268
618
100
275
2112
88
1584
1669
596
1834
1396
1633
2042
356
350
313
1539
288
1349
787
256
859
1799
343
772
699
1324
167
633
2116
1406
1928
556
896
441
1310
2085
2068
33
49
694
1139
2037
464
1545
1938
1204
557
1600
1029
1347
815
867
2093
1569
506
1528
1430
935
95
1957
951
669
1930
2021
909
99
1918
1384
1835
1034
1421
1732
215
1811
755
1682
237
1792
517
526
475
1626
1370
1816
110
811
1025
443
1763
738
1537
583
1282
1487
1781
449
196
2018
727
682
595
1505
1803
535
1691
744
368
394
971
41
1703
1331
662
1752
229
1676
1579
644
367
1899
833
377
875
1157
261
1067
808
803
1802
723
1848
1986
1964
362
1439
1556
1385
1466
1614
707
679
2082
2104
1832
1883
301
1259
846
1791
561
1601
1179
1397
226
2094
993
649
330
832
626
1740
277
1210
965
1232
1422
1746
999
473
1599
232
188
1190
230
1018
2033
602
1362
69
27
1990
1665
38
687
2035
500
516
2097
168
2063
2017
879
1762
1193
320
1698
1596
1839
1030
373
108
221
10
1843
364
119
511
458
287
2052
1558
2074
447
1953
1618
1218
1437
1902
89
663
1024
1091
247
1194
309
1176
262
1999
1360
2025
1015
484
794
1916
1615
1534
241
2036
255
568
1554
478
392
1943
904
1446
1448
22
1089
239
1299
1575
263
444
948
1097
751
1497
181
359
1692
299
345
178
1238
889
270
121
1954
1906
1379
279
1022
1309
1808
389
259
2102
659
1590
1044
227
1345
1431
974
830
1540
1221
1875
1028
429
1524
527
982
352
192
78
1407
1173
1023
249
1879
1241
207
1458
1838
354
175
768
1751
1294
790
293
1424
1391
333
838
1252
1973
1582
2091
1663
1378
1254
476
70
1061
29
675
1895
1812
962
1040
1215
1989
1187
1498
1425
870
525
1016
1198
2098
1214
1253
1617
575
599
351
1636
1806
2062
156
1463
906
978
381
1501
1436
1716
264
1482
1154
1993
1684
959
851
462
1750
822
614
1146
1932
1095
135
1150
111
388
36
286
1871
2027
605
544
1021
493
1389
1027
940
1308
1420
914
895
520
1788
1727
499
5
386
326
1042
1744
1506
1480
658
597
166
1650
857
172
558
1104
238
1631
1887
1408
411
1319
1541
1169
1386
251
112
1322
673
1199
1382
901
1387
353
492
2092
217
973
1522
533
1513
968
1050
1639
1207
1184
122
64
1481
1833
327
726
1341
1893
1869
1047
1455
1574
2089
1572
376
1625
1206
2057
383
87
1484
610
1767
1583
391
623
905
360
283
72
402
665
1412
998
1552
1380
298
134
1679
189
647
2106
1561
1441
274
463
1283
798
335
1888
1325
480
1700
2051
1919
1726
1563
1123
1289
437
1702
641
419
302
1402
442
1116
1709
158
97
2038
1608
621
1841
205
234
77
185
634
986
2001
1242
785
1084
1092
932
988
725
1950
1638
1265
717
17
1766
684
417
127
778
784
915
677
874
1156
1819
1870
530
314
1831
2084
1105
1361
1326
2111
1053
59
268
132
1451
1801
840
1994
1872
1465
1865
1472
2069
355
1856
486
1203
1851
453
1577
1236
1303
680
1365
590
403
1240
1086
664
425
90
470
1889
409
1175
1225
1068
1748
1776
1747
1707
1718
1468
1036
1081
2054
1981
1140
1461
598
1094
291
1724
1304
1770
114
140
1337
219
1426
1532
577
1212
2079
588
1119
2026
2110
63
1338
12
617
1980
620
928
1526
1213
1148
273
317
836
1164
1488
1230
854
1438
211
1103
502
1403
3
1998
718
1664
328
1987
488
578
560
1144
182
28
311
1342
124
884
2004
587
1687
1521
2070
150
1846
71
890
652
1185
1020
1604
1685
2058
1128
1039
1821
1786
372
316
877
321
245
1122
961
280
1668
700
340
1602
689
1651
163
4
923
733
1471
774
1911
1228
2012
918
157
380
799
2081
1288
84
550
1849
2071
1073
1180
68
990
510
1901
696
749
841
1996
1404
1793
1874
548
564
1847
1971
1934
1369
422
806
138
23
2061
1476
1667
925
1143
981
494
440
375
767
521
1640
1565
927
334
1377
1202
79
1138
390
688
868
2086
1000
1374
1956
42
303
1065
1162
1743
1646
2029
655
956
572
1969
1251
1447
922
1723
1815
1395
136
1873
1645
1297
1316
374
2007
357
507
1118
1496
760
1908
491
1824
173
629
715
611
1712
1400
1796
1921
1147
736
266
538
1478
1136
1477
104
294
1177
358
1493
485
1566
1940
1862
1301
1753
498
1216
1335
1758
418
594
1920
1754
731
931
162
329
1075
1514
1033
1243
720
1355
1661
179
975
1233
450
1115
1592
1413
289
865
983
1764
789
148
750
793
1004
698
2014
1381
159
1452
953
735
1861
645
1250
1745
80
365
783
1315
477
1560
508
1694
843
1611
872
56
81
1450
1507
1079
96
1670
235
257
456
1217
549
1900
589
341
2053
1320
1085
2095
1966
1237
1096
1756
949
739
2003
2080
939
630
170
882
21
834
640
1915
894
721
741
1074
26
1132
1032
1923
1525
908
37
585
1643
534
1223
2090
753
1510
1459
1300
206
2072
457
58
1983
907
593
1991
428
606
2020
638
528
1689
1586
1409
1699
1445
1227
1125
1979
650
2083
996
397
826
802
11
155
269
765
31
1671
1734
92
542
336
646
781
1255
213
763
1975
1364
2108
2013
152
1655
1274
1720
792
1603
67
1135
474
991
823
1519
1224
661
728
1076
2060
1551
210
1261
919
766
427
53
2022
13
1323
957
567
481
2010
1280
52
1072
2030
1857
129
1129
1516
878
1474
839
399
1910
284
899
424
1340
325
1630
1517
408
770
503
2117
1777
1609
1641
1550
128
886
853
1547
414
1842
2075
514
1736
866
176
1903
740
615
1637
937
151
1491
1660
8
423
2015
378
1226
1593
613
199
2101
