655
124
699
1371
1765
1316
369
1120
969
961
2085
1079
1841
730
136
1797
2081
1074
1852
771
2090
1618
43
1708
1426
596
978
1629
1183
976
2031
224
772
1668
2030
837
1636
1569
1844
532
1424
960
327
1364
634
1939
972
1324
556
1940
1098
1705
201
1004
985
1152
874
2009
2103
882
102
1704
104
708
1761
1521
1522
1614
605
1392
965
1084
661
1942
1168
2051
461
1661
1931
1910
65
1713
1249
1573
1448
742
300
787
2109
212
283
957
1682
1319
1089
893
1932
1395
155
1899
504
991
651
1918
741
1258
363
586
131
1617
1471
1853
477
468
747
2110
1586
324
95
41
1781
1821
238
22
1217
798
926
1990
275
1697
977
163
1703
695
154
1072
349
1460
1422
1434
510
2060
1127
790
734
918
1536
794
760
1432
1959
1321
1742
1532
1961
1824
1551
1995
38
1312
1399
524
1587
1514
311
872
100
1282
1173
1149
1834
1343
137
1904
274
609
1090
216
498
1067
1036
208
629
1916
706
765
849
701
2113
1081
93
247
718
727
32
61
55
1133
1549
809
763
1106
595
682
469
1807
353
536
463
828
1428
1349
1941
1272
855
778
1404
1561
144
1948
1457
1773
779
1322
1726
537
1925
17
1340
417
1436
398
1885
735
279
762
584
980
465
501
1559
1806
724
2100
433
2122
458
690
330
1861
2124
919
1238
426
1430
1830
1047
251
1657
1210
231
206
517
1042
1552
1310
1065
1983
484
1253
1199
1178
2036
1096
559
54
1294
539
16
1775
624
1836
2015
1193
623
561
930
1245
1905
821
141
1571
2084
1796
811
140
657
716
352
1964
60
1503
487
796
472
1790
542
898
20
281
1198
139
1711
1767
306
1511
1490
1029
1130
266
1945
1487
191
1148
1009
1218
1056
635
2008
1543
1505
628
1398
1446
1496
1113
1917
1233
1890
183
39
1055
602
2095
1314
106
1696
302
1692
1307
147
890
1140
968
1734
1257
304
593
254
1327
1518
1362
1342
18
1410
210
1976
153
1262
1735
2099
1504
66
3
1209
1311
1109
285
123
780
1881
1997
1953
2012
1576
2087
891
675
1274
713
1814
1687
35
990
631
1863
1558
188
1651
1693
437
1799
347
1564
1407
113
422
389
660
958
974
1570
403
754
1751
1330
172
1393
1266
1110
1893
911
995
585
205
569
1891
1971
2055
447
394
1534
280
1038
783
1984
2000
914
653
1099
801
1760
866
1423
357
709
582
1037
1344
1720
599
187
1277
1221
276
879
1508
1857
1470
668
423
1164
291
1872
1710
1334
81
47
260
1135
1922
553
1793
775
321
119
96
402
1169
1811
420
397
213
1993
1619
921
111
494
1345
174
2028
820
1214
704
189
1721
812
1987
1700
1309
614
764
841
2049
1968
375
1444
249
531
1878
134
1285
25
1897
1810
733
2117
1724
162
2035
68
830
2125
190
637
86
350
159
548
1366
1323
1991
265
2127
1884
1862
519
1093
1069
1770
185
1719
1139
1866
933
1012
725
1094
528
1547
2053
1083
1996
1235
259
1138
326
1485
12
1438
1880
1658
1468
2063
1005
1025
1717
1689
1188
69
401
1019
860
1816
502
748
693
1494
470
774
418
896
1381
1919
103
1044
388
1387
421
1869
1070
1928
721
1813
786
802
456
1280
1924
315
434
1944
1818
1298
97
1730
621
1737
520
1291
171
920
1722
966
1638
1643
656
1192
644
393
1105
1715
1515
1785
1896
267
579
936
574
72
1632
1380
1936
1163
1525
158
1903
769
1425
1802
955
702
848
64
665
5
1887
459
354
1645
590
272
150
998
48
2108
615
1013
1823
567
1219
703
873
1986
1954
1733
1007
89
583
507
273
430
478
1453
908
455
400
1001
1030
673
138
322
1963
1336
840
1417
404
1743
499
948
928
558
630
356
160
29
662
1788
1662
1241
1329
902
308
1923
1333
1882
1500
776
534
496
127
952
307
1427
1520
909
178
1440
1753
1179
950
1741
245
1927
1589
862
612
373
76
667
1673
355
2079
1867
1758
328
395
142
1061
1666
810
1895
203
1782
1886
1378
1491
1240
1234
903
1367
1190
1024
1136
1459
405
161
1817
833
1170
832
108
1289
538
1842
1981
67
1780
1675
2022
438
482
913
736
414
372
1577
2044
1026
1978
924
425
1147
666
1186
588
1921
1894
2005
475
2006
1331
177
105
513
2039
759
1706
915
1556
1926
292
521
91
1660
839
1526
268
1365
439
1437
320
1412
984
1361
1871
1482
573
1486
1064
2002
1376
258
457
122
120
647
1129
1620
112
1054
115
305
892
1119
407
1847
1372
479
406
1644
805
2106
1795
1248
1979
1032
1960
1578
1639
214
1684
1384
1957
143
1484
1579
164
945
562
1117
237
2059
1189
2082
474
1512
1641
836
1685
543
792
58
1860
1698
1413
1850
1580
7
1653
927
1095
1840
526
1989
1206
1308
2088
770
506
1513
1524
40
1351
953
1683
1557
904
1674
1158
1709
1418
863
1805
1999
329
663
1864
597
856
1647
1027
983
1205
804
861
252
1254
1300
286
1224
617
432
230
1021
743
1063
1223
1043
1854
1476
954
973
785
1211
367
1541
448
1856
1356
295
1562
1415
1450
228
446
391
1293
2010
939
166
962
509
337
1466
1642
1607
2112
2116
587
1489
732
1947
1429
767
221
823
297
1006
117
1302
1833
726
929
1671
1601
2086
2011
1247
1161
1973
580
202
768
1375
640
937
546
676
309
1855
752
1156
993
236
1609
749
1648
1975
575
824
173
2029
493
712
1572
2119
362
1694
669
1465
1962
1411
1519
566
1197
427
1498
56
1261
31
910
723
1153
781
815
59
1800
24
1483
1605
1263
912
618
450
1610
1332
1550
916
1870
934
377
1232
126
1545
80
2080
253
1527
1951
1383
334
296
85
99
1102
1472
1255
2043
1672
1757
1348
1132
1100
1443
1433
211
170
1447
1820
1416
757
1174
852
2074
533
938
1204
1473
225
145
1118
2
1087
1008
1354
859
415
1358
1495
1540
686
87
994
1353
4
551
1215
1431
109
529
1898
1613
738
1086
619
2025
1625
1306
611
557
186
1108
1304
700
1584
435
1053
1414
2020
2107
1002
73
1145
1678
1279
745
1402
157
1624
989
576
149
784
1595
1828
1269
1665
176
1695
289
1237
365
1150
922
803
1716
684
744
592
416
1390
1347
1151
2023
2042
1442
1445
1888
84
1114
114
1409
1045
1585
1167
63
897
816
901
1360
277
1681
1073
1125
443
1368
129
1389
196
1752
500
1907
243
900
687
1537
1935
239
1530
560
1544
371
1123
1388
1755
1128
979
1144
1131
842
379
508
1769
1050
598
1243
165
1676
1227
1859
795
1982
1778
1290
1462
1299
1401
729
616
2033
1582
1075
2096
1902
967
1346
1057
571
471
21
121
1792
1920
932
473
34
1911
440
1883
83
1226
1588
1172
132
1071
1181
1667
825
632
1066
1435
2034
1239
175
581
694
1815
310
1858
13
1655
1184
1196
318
1112
1068
906
1041
923
782
290
717
750
2105
1803
351
1627
951
1048
814
2089
944
1712
360
1220
1691
1265
643
755
1594
822
799
1592
1155
256
37
1516
697
1611
1337
1474
850
263
1236
314
51
323
294
1350
1533
535
460
1565
1915
269
485
829
2092
1478
146
2007
1771
1126
731
1934
348
2057
1819
1656
1535
271
1599
1615
1078
288
1727
481
1714
1103
711
981
1822
75
1200
1177
626
261
241
1492
452
753
1469
813
486
2068
1400
515
659
2070
671
1640
1062
250
949
613
1313
46
1137
343
384
1284
333
649
282
1449
516
1033
1649
57
301
838
986
1829
370
1357
739
1838
1523
555
1744
44
381
92
570
2091
1203
2102
1729
1111
42
677
1355
2046
1889
408
1955
834
846
1359
1082
15
1912
2128
505
689
1553
1804
1970
380
1315
1088
645
851
1754
2097
503
868
1791
1464
853
1034
1230
204
1085
2017
654
622
1335
79
207
199
1690
1157
1264
1686
1825
2004
316
1017
2098
495
1406
746
1652
1297
1180
1286
1593
255
876
987
2071
1076
466
148
819
1677
462
1868
2054
2120
2014
331
488
312
1759
1843
257
1213
996
101
1702
317
1933
28
603
1051
1338
992
2123
431
1531
464
1985
2067
1873
884
549
728
674
1397
1011
1028
982
638
889
1020
2021
518
1461
30
2076
2061
1208
710
2115
1943
1591
374
642
1909
1845
917
1187
1650
878
1124
564
1405
1772
1077
1339
1268
633
835
1080
935
1764
1154
1091
233
522
82
451
604
1046
1303
1598
1451
1972
1207
1966
179
1900
1326
2045
1142
1628
2093
1275
74
545
2065
151
1606
880
6
2038
807
220
1529
1379
2075
512
905
1385
1731
167
1669
195
625
1849
1052
1256
1391
1831
563
1723
332
1554
1812
1835
544
1739
383
118
382
1242
412
1479
1283
436
1023
1808
2111
1040
1441
1766
606
1419
620
1786
1031
130
2066
169
1421
1292
670
565
2058
970
751
287
1270
1517
2072
1602
387
454
2027
264
110
514
688
1481
2037
1623
1762
1567
209
1590
1608
1568
1059
685
646
2041
1827
789
449
601
1630
480
116
707
194
800
885
1341
907
870
715
1363
1373
1664
895
2130
1467
1969
399
2024
650
1104
1875
1317
2062
1826
1701
50
1116
1929
1994
2101
2040
49
1377
396
270
594
1049
899
1259
1777
636
1789
1488
444
1654
1865
1288
1296
1914
